1.000000000 -0.000000000 -0.000000000 0.000000000 -0.000000000 1.000000000 0.000000000 0.000000000 -0.000000000 0.000000000 1.000000000 0.000000000
0.999979019 0.000403176 -0.006465556 -0.008318148 -0.000400596 0.999999821 0.000400315 -0.001956063 0.006465717 -0.000397717 0.999979019 0.091722630
0.999907255 0.000954945 -0.013586229 -0.016373103 -0.000952729 0.999999523 0.000169576 -0.001976561 0.013586384 -0.000156616 0.999907672 0.188517407
0.999772429 0.001385212 -0.021287903 -0.026065554 -0.001397519 0.999998868 -0.000563250 -0.002089199 0.021287099 0.000592872 0.999773204 0.285395354
0.999541759 0.001716139 -0.030220712 -0.042955745 -0.001776219 0.999996483 -0.001961292 -0.002117652 0.030217240 0.002014072 0.999541342 0.390638411
0.999125421 0.001924759 -0.041769449 -0.058991808 -0.002069825 0.999991953 -0.003430052 -0.004900113 0.041762512 0.003513508 0.999121368 0.501130164
0.998479664 0.001735449 -0.055094253 -0.084410518 -0.001961520 0.999989867 -0.004049545 -0.007893375 0.055086665 0.004151457 0.998472929 0.625982344
0.997428060 0.001859523 -0.071650870 -0.108688995 -0.002183133 0.999987781 -0.004438427 -0.003965198 0.071641743 0.004583435 0.997419894 0.761205077
0.995905876 0.000234347 -0.090396151 -0.134823889 -0.000614674 0.999991059 -0.004179514 -0.009119331 0.090394363 0.004217966 0.995897114 0.916911066
0.993913710 -0.000749154 -0.110158719 -0.176301330 0.000269398 0.999990404 -0.004369956 -0.012614237 0.110160932 0.004313684 0.993904412 1.075251460
0.991223872 -0.000975680 -0.132190377 -0.214102030 0.000382077 0.999989748 -0.004515802 -0.015900619 0.132193476 0.004425664 0.991213977 1.212775230
0.987704039 0.002575879 -0.156313613 -0.267717570 -0.003537091 0.999976516 -0.005871410 -0.020668484 0.156294793 0.006352112 0.987690032 1.379547238
0.983309627 0.006962126 -0.181806743 -0.334324956 -0.008421963 0.999938190 -0.007258813 -0.027729310 0.181744963 0.008668832 0.983307481 1.555686235
0.977937400 0.009927211 -0.208662063 -0.408080280 -0.011930504 0.999894023 -0.008344244 -0.030370014 0.208557099 0.010649592 0.977952182 1.735678434
0.971227944 0.010577870 -0.237916544 -0.485522121 -0.013019620 0.999877512 -0.008694004 -0.031269744 0.237795442 0.011541443 0.971246660 1.922062278
0.963172257 0.012470741 -0.268595457 -0.575717926 -0.015205973 0.999851584 -0.008105433 -0.035769470 0.268454552 0.011891184 0.963218927 2.119233131
0.953713715 0.014481703 -0.300367683 -0.663665235 -0.017390603 0.999824166 -0.007013055 -0.039523985 0.300213277 0.011912023 0.953797698 2.291188955
0.942446589 0.016212478 -0.333963692 -0.762430787 -0.019291492 0.999796450 -0.005904910 -0.040022217 0.333799958 0.012007721 0.942567468 2.477364302
0.929879963 0.018481618 -0.367398709 -0.866497278 -0.021949545 0.999745250 -0.005262753 -0.044744007 0.367207795 0.012957961 0.930048645 2.659024239
0.916003466 0.021258868 -0.400606602 -0.986602485 -0.025256747 0.999669850 -0.004701411 -0.044542708 0.400374442 0.014424528 0.916238070 2.839660406
0.899936855 0.021921560 -0.435468793 -1.101523161 -0.026304657 0.999645829 -0.004038715 -0.045956235 0.435226023 0.015089447 0.900194764 3.011606455
0.881570101 0.017932812 -0.471712500 -1.226468325 -0.022701371 0.999732554 -0.004419716 -0.049355295 0.471507013 0.014604811 0.881741405 3.186646700
0.860339701 0.013570011 -0.509540498 -1.353848219 -0.018419465 0.999820352 -0.004473494 -0.057188429 0.509388208 0.013234190 0.860435069 3.351287603
0.835287631 0.015203930 -0.549602985 -1.515104175 -0.019132258 0.999816000 -0.001418860 -0.059681572 0.549480200 0.011700302 0.835424721 3.531605005
0.806082964 0.020865222 -0.591434598 -1.691024661 -0.023734508 0.999714077 0.002920476 -0.068063609 0.591326475 0.011683266 0.806347609 3.695200920
0.773527503 0.023982780 -0.633308768 -1.894871473 -0.027130840 0.999620795 0.004716859 -0.069145806 0.633181810 0.013533581 0.773884833 3.871000528
0.737705410 0.022952523 -0.674732447 -2.106779099 -0.026050614 0.999645472 0.005523228 -0.071705505 0.674619853 0.013502683 0.738041699 4.036187172
0.697549224 0.018792002 -0.716290355 -2.323651791 -0.020046210 0.999776542 0.006707592 -0.071365587 0.716256380 0.009680033 0.697770000 4.206017971
0.654646337 0.014969800 -0.755786955 -2.561524153 -0.014587078 0.999867916 0.007169273 -0.068692595 0.755794466 0.006331389 0.654778361 4.369641304
0.610873699 0.014644025 -0.791592598 -2.822902203 -0.012029876 0.999885142 0.009213843 -0.068408020 0.791636705 0.003894267 0.610979736 4.501341820
0.562613070 0.015179656 -0.826581061 -3.100314140 -0.009653835 0.999883831 0.011791371 -0.064525187 0.826664031 0.001345698 0.562694311 4.638635635
0.511421621 0.015754530 -0.859185457 -3.396733761 -0.007801202 0.999875844 0.013690726 -0.059946537 0.859294534 -0.000299053 0.511481166 4.765956402
0.459389150 0.016938297 -0.888073623 -3.700785637 -0.007583351 0.999856472 0.015147568 -0.049316227 0.888202727 -0.000224055 0.459451735 4.859448433
0.404637575 0.019179154 -0.914276004 -4.032491684 -0.006134482 0.999814451 0.018258549 -0.047633737 0.914456546 -0.001779485 0.404680163 4.956721306
0.349187672 0.021106090 -0.936815143 -4.387502193 -0.005983837 0.999776125 0.020294167 -0.040457129 0.937033713 -0.001480724 0.349235773 5.041123390
0.293721169 0.024191763 -0.955585063 -4.764789581 -0.003233544 0.999699116 0.024314657 -0.034743115 0.955885649 -0.004051804 0.293711007 5.117393494
0.240263924 0.025858888 -0.970363081 -5.116298199 0.001019737 0.999637783 0.026891509 -0.034108117 0.970707059 -0.007450574 0.240150511 5.170879364
0.189421803 0.026194058 -0.981546283 -5.499944687 0.003260484 0.999621689 0.027305648 -0.027999237 0.981890380 -0.008372601 0.189264759 5.204049110
0.141675979 0.027418353 -0.989533305 -5.915896893 0.000568114 0.999613881 0.027779011 -0.022562101 0.989912868 -0.004497786 0.141605705 5.225973129
0.099434972 0.027831145 -0.994654775 -6.338055134 -0.000815044 0.999610662 0.027888339 -0.013731644 0.995043755 -0.001962388 0.099418953 5.225209713
0.061609328 0.026221432 -0.997755826 -6.786880016 -0.002133266 0.999656022 0.026139645 -0.004064783 0.998098075 0.000518032 0.061644077 5.214734554
0.027024889 0.023490487 -0.999358714 -7.261603832 -0.000375021 0.999724030 0.023488933 0.002640143 0.999634743 -0.000260005 0.027026238 5.215953350
-0.004008427 0.020901980 -0.999773562 -7.737101078 0.000037932 0.999781549 0.020901995 0.006765559 0.999991953 0.000045860 -0.004008343 5.184754372
-0.030841395 0.018979941 -0.999344170 -8.228942871 -0.000561078 0.999819219 0.019006280 0.013707981 0.999524236 0.001146890 -0.030825168 5.147361755
-0.051376011 0.016524822 -0.998542666 -8.737668991 -0.001460629 0.999860823 0.016621785 0.025621831 0.998678446 0.002312461 -0.051344730 5.100032330
-0.067984626 0.015549586 -0.997565150 -9.254869461 -0.000234979 0.999878168 0.015601655 0.039018229 0.997686267 0.001295080 -0.067972690 5.059843063
-0.080917284 0.015790513 -0.996595740 -9.792393684 -0.000209761 0.999874234 0.015859490 0.047305487 0.996720731 0.001492354 -0.080903791 5.004271030
-0.090633973 0.017341577 -0.995733261 -10.350166321 0.000005361 0.999848366 0.017412758 0.049145147 0.995884240 0.001572849 -0.090620331 4.945182800
-0.097545601 0.018602187 -0.995057106 -10.923714638 -0.001736413 0.999820590 0.018861458 0.048267975 0.995229483 0.003567683 -0.097495802 4.882406235
-0.101890087 0.019536953 -0.994603753 -11.516461372 -0.001580572 0.999802709 0.019800995 0.055514127 0.994794428 0.003589568 -0.101839095 4.812480927
-0.103273951 0.020257538 -0.994446576 -12.124096870 0.000489383 0.999793530 0.020315636 0.067011699 0.994652927 0.001611410 -0.103262551 4.747327805
-0.102530420 0.022573374 -0.994473696 -12.736764908 0.002485198 0.999745190 0.022436805 0.069368765 0.994726777 -0.000171009 -0.102560386 4.691138268
-0.100888312 0.024844574 -0.994587421 -13.395143509 0.001598598 0.999690831 0.024809899 0.081735358 0.994896472 0.000913084 -0.100896835 4.618647575
-0.099313326 0.024919353 -0.994744122 -14.048239708 -0.000764861 0.999684155 0.025119472 0.087669104 0.995055854 0.003255539 -0.099262901 4.549921989
-0.097617485 0.022417957 -0.994971514 -14.713848114 -0.001836303 0.999740481 0.022705574 0.099862039 0.995222330 0.004043529 -0.097550988 4.480317116
-0.096204013 0.022167657 -0.995114684 -15.390443802 -0.002713539 0.999742389 0.022533078 0.110150442 0.995357931 0.004868055 -0.096119076 4.409288883
-0.094470054 0.024766155 -0.995219588 -16.087175369 -0.002683322 0.999680519 0.025131876 0.123737663 0.995524108 0.005044704 -0.094373420 4.340960503
-0.092567384 0.028346378 -0.995302916 -16.807712555 -0.003853818 0.999576986 0.028826529 0.133911788 0.995698929 0.006504113 -0.092419006 4.269788742
-0.091082305 0.030360408 -0.995380402 -17.537982941 -0.003564891 0.999518752 0.030812837 0.147022843 0.995837033 0.006354926 -0.090930253 4.202086449
-0.089154445 0.029512962 -0.995580435 -18.273418427 -0.005973183 0.999527037 0.030164851 0.161614537 0.995999873 0.008636114 -0.088935994 4.126739502
-0.087219074 0.026740039 -0.995830119 -19.036779404 -0.008293357 0.999585450 0.027567247 0.173254222 0.996154606 0.010663166 -0.086961158 4.048352718
-0.085602708 0.026230039 -0.995983958 -19.811420441 -0.009184896 0.999590099 0.027114432 0.188557506 0.996286988 0.011469082 -0.085326709 3.974074841
-0.084205642 0.028350623 -0.996044874 -20.591773987 -0.006699222 0.999556422 0.029016925 0.205157846 0.996425867 0.009116115 -0.083978370 3.906695843
-0.083169304 0.030552680 -0.996066988 -21.389173508 -0.004476152 0.999508321 0.031031989 0.216667920 0.996525407 0.007039458 -0.082991660 3.842279434
-0.081418127 0.032327194 -0.996155560 -22.179027557 -0.003720618 0.999457002 0.032738425 0.231706321 0.996673107 0.006371816 -0.081253640 3.762773037
-0.080865666 0.027516620 -0.996345043 -22.982397079 -0.004233865 0.999600351 0.027950151 0.241399229 0.996715963 0.006478598 -0.080716848 3.701247215
-0.080542780 0.020745806 -0.996535182 -23.789878845 -0.002907458 0.999774218 0.021048224 0.249228284 0.996746898 0.004592666 -0.080464281 3.633888721
-0.080797561 0.016190222 -0.996598899 -24.613265991 0.000562687 0.999868691 0.016197711 0.260219276 0.996730387 0.000747963 -0.080796070 3.569787025
-0.081282452 0.016663009 -0.996551692 -25.450408936 0.001350895 0.999861181 0.016608156 0.272081375 0.996690214 0.000003715 -0.081293687 3.497786999
-0.081360988 0.024191985 -0.996391058 -26.288890839 0.000459255 0.999706268 0.024234969 0.275813937 0.996684670 0.001514184 -0.081348203 3.425375223
-0.081714608 0.031277440 -0.996164858 -27.130666733 -0.000796617 0.999505043 0.031447664 0.286660969 0.996655464 0.003363295 -0.081649259 3.353103399
-0.082100779 0.036900684 -0.995940626 -27.975149155 -0.002709138 0.999302328 0.037248570 0.296574891 0.996620417 0.005756278 -0.081943512 3.276978970
-0.082425892 0.037412181 -0.995894670 -28.816696167 -0.004464784 0.999271274 0.037908562 0.305982471 0.996587157 0.007571102 -0.082198776 3.198339224
-0.082736112 0.033518568 -0.996007740 -29.651699066 -0.004415210 0.999412060 0.033999901 0.324776530 0.996561646 0.007210603 -0.082539476 3.125131607
-0.082697377 0.030566124 -0.996105790 -30.490653992 -0.004768939 0.999505877 0.031066379 0.341964602 0.996563256 0.007319476 -0.082510740 3.042054415
-0.082786180 0.032061741 -0.996051371 -31.326524734 -0.006053884 0.999447703 0.032674227 0.357362747 0.996548951 0.008734954 -0.082546361 2.963828564
-0.082905829 0.034583684 -0.995957077 -32.169940948 -0.006964514 0.999353111 0.035281356 0.366422176 0.996532977 0.009861387 -0.082611345 2.891769409
-0.082653612 0.033091687 -0.996028841 -32.996490479 -0.008215925 0.999391913 0.033885211 0.373452723 0.996544480 0.010984032 -0.082331493 2.814679384
-0.082417168 0.027716551 -0.996212423 -33.820594788 -0.008778664 0.999554098 0.028535798 0.387407124 0.996559262 0.011097253 -0.082137123 2.746194601
-0.082111992 0.023535987 -0.996345222 -34.658153534 -0.010197733 0.999648869 0.024454465 0.400564194 0.996570885 0.012168466 -0.081843160 2.664413929
-0.081503332 0.024616027 -0.996369064 -35.477985382 -0.009968122 0.999624729 0.025511865 0.400935054 0.996623218 0.012011228 -0.081227370 2.595877409
-0.080865458 0.027175546 -0.996354520 -36.308017731 -0.008596049 0.999571979 0.027960973 0.407714128 0.996687949 0.010825789 -0.080597259 2.524577141
-0.080462895 0.032052841 -0.996242166 -37.153244019 -0.008123685 0.999428511 0.032811489 0.421155155 0.996724486 0.010733264 -0.080156527 2.450384855
-0.079944633 0.037588641 -0.996090353 -37.978507996 -0.007675412 0.999235928 0.038323358 0.438115120 0.996769786 0.010709150 -0.079595052 2.387632370
-0.079835489 0.040569499 -0.995982111 -38.825592041 -0.008292870 0.999109745 0.041361641 0.454937220 0.996773541 0.011561678 -0.079427972 2.305496693
-0.079625390 0.040642608 -0.995995879 -39.656318665 -0.007683360 0.999113739 0.041384079 0.473445177 0.996795237 0.010947820 -0.079242550 2.236972570
-0.079353921 0.036021557 -0.996195436 -40.480419159 -0.007667555 0.999295175 0.036744416 0.496430933 0.996816993 0.010554197 -0.079021797 2.165068626
-0.079061091 0.031861588 -0.996360421 -41.306575775 -0.008634475 0.999429703 0.032644879 0.509541571 0.996832371 0.011183988 -0.078740895 2.091722488
-0.078784898 0.029308435 -0.996460676 -42.132881165 -0.013091079 0.999451101 0.030431438 0.518481314 0.996805668 0.015442284 -0.078357972 2.012422085
-0.079117589 0.027524520 -0.996485233 -42.955368042 -0.016571606 0.999444246 0.028921984 0.528145671 0.996727467 0.018801600 -0.078617491 1.933955908
-0.079813302 0.025392758 -0.996486366 -43.774272919 -0.014451223 0.999540865 0.026628064 0.539139330 0.996704936 0.016525721 -0.079409696 1.865394354
-0.080982417 0.022050070 -0.996471524 -44.605266571 -0.011251949 0.999671280 0.023035306 0.540104210 0.996651947 0.013077701 -0.080707707 1.797541380
-0.081706882 0.020582899 -0.996443868 -45.421173096 -0.006557974 0.999754012 0.021189017 0.551130176 0.996634841 0.008265941 -0.081551790 1.732652664
-0.083687164 0.023782436 -0.996208191 -46.229045868 -0.006362860 0.999682069 0.024399884 0.559541225 0.996471703 0.008380693 -0.083509237 1.661860466
-0.085199974 0.030261299 -0.995904207 -47.063190460 -0.004898113 0.999513865 0.030790018 0.560052812 0.996351779 0.007501361 -0.085010335 1.582129240
-0.086992033 0.034121927 -0.995624483 -47.875801086 -0.002391677 0.999403238 0.034460407 0.566813827 0.996206164 0.005378993 -0.086858511 1.517541409
-0.088302702 0.033272788 -0.995537877 -48.685012817 -0.002401918 0.999431908 0.033615988 0.576406479 0.996090829 0.005359582 -0.088172629 1.439120293
-0.089482896 0.029053271 -0.995564461 -49.478507996 -0.005748942 0.999542773 0.029686090 0.589039862 0.995971799 0.008379841 -0.089274943 1.359210968
-0.090423897 0.025536744 -0.995575905 -50.268135071 -0.010843652 0.999586701 0.026624512 0.593672752 0.995844364 0.013203170 -0.090109602 1.266579151
-0.092195041 0.024316978 -0.995444000 -51.062976837 -0.014864192 0.999556839 0.025794126 0.600807011 0.995630085 0.017174562 -0.091792732 1.187940121
-0.092737928 0.025230803 -0.995370805 -51.849803925 -0.016888667 0.999495208 0.026908850 0.606601775 0.995547295 0.019305961 -0.092265025 1.099074841
-0.093834929 0.026788505 -0.995227337 -52.637557983 -0.016835621 0.999452353 0.028489571 0.613941193 0.995445490 0.019428590 -0.093332537 1.021015167
-0.094719253 0.026321284 -0.995155931 -53.420742035 -0.018640490 0.999428332 0.028208490 0.619975567 0.995329440 0.021222085 -0.094174445 0.938506126
-0.095216893 0.026117511 -0.995113790 -54.197978973 -0.019394977 0.999417305 0.028086258 0.627844453 0.995267510 0.021974502 -0.094654866 0.857185841
-0.095820524 0.028041307 -0.995003581 -54.971042633 -0.017758653 0.999395788 0.029875280 0.635468781 0.995240211 0.020532588 -0.095264658 0.780094624
-0.096177436 0.030688837 -0.994890988 -55.740894318 -0.017079962 0.999326527 0.032476798 0.647922635 0.995217681 0.020116242 -0.095588490 0.706764698
-0.096326016 0.035133984 -0.994729578 -56.520515442 -0.016781690 0.999177456 0.036916155 0.655798793 0.995208323 0.020249229 -0.095657177 0.624501705
-0.096839823 0.037128445 -0.994607210 -57.283267975 -0.017167827 0.999092996 0.038967438 0.669340134 0.995151877 0.020848842 -0.096114561 0.548187733
-0.097599179 0.037255865 -0.994528234 -58.035964966 -0.016651740 0.999098063 0.039061192 0.679528832 0.995086491 0.020372968 -0.096890777 0.470976830
-0.097924598 0.035438724 -0.994562626 -58.774940491 -0.016417151 0.999172330 0.037219401 0.685955763 0.995058477 0.019972585 -0.097261727 0.397046566
-0.097943105 0.031740177 -0.994685769 -59.503536224 -0.015911456 0.999313593 0.033454590 0.701401472 0.995064795 0.019103548 -0.097370856 0.320629597
-0.097499654 0.028727230 -0.994820833 -60.243198395 -0.016125781 0.999406397 0.030440088 0.713985085 0.995104909 0.019010162 -0.096978538 0.235439777
-0.096528210 0.026310975 -0.994982421 -60.950202942 -0.016699770 0.999466896 0.028049691 0.723351061 0.995190084 0.019323567 -0.096037380 0.166511536
-0.094189398 0.025565892 -0.995225966 -61.639713287 -0.019408785 0.999432981 0.027510835 0.726939201 0.995365083 0.021907359 -0.093639806 0.094176769
-0.089693256 0.026470399 -0.995617509 -62.336933136 -0.019318933 0.999412417 0.028311694 0.733809233 0.995782018 0.021773642 -0.089129172 0.022801399
-0.084129237 0.028242132 -0.996054471 -62.993099213 -0.018815720 0.999374986 0.029925503 0.736271620 0.996277153 0.021259097 -0.083545260 -0.029558182
-0.076880045 0.030006818 -0.996588707 -63.641746521 -0.017782748 0.999346733 0.031461678 0.739287257 0.996881664 0.020140860 -0.076296218 -0.077570915
-0.067962885 0.031108752 -0.997202754 -64.279357910 -0.019053981 0.999291003 0.032472491 0.745545745 0.997505844 0.021207605 -0.067321956 -0.122521400
-0.056190290 0.032893647 -0.997878075 -64.903762817 -0.020999769 0.999197066 0.034119621 0.753128767 0.998199165 0.022872400 -0.055454426 -0.160599709
-0.041239657 0.034326579 -0.998559475 -65.507308960 -0.024001166 0.999087214 0.035335951 0.761083841 0.998860896 0.025423832 -0.040378146 -0.187779903
-0.022902282 0.035677064 -0.999100924 -66.086189270 -0.025630701 0.999013603 0.036261480 0.770324945 0.999409080 0.026438123 -0.021965260 -0.194273829
-0.000529720 0.036657993 -0.999327779 -66.657554626 -0.026905715 0.998965621 0.036658976 0.776817322 0.999637783 0.026907044 0.000457130 -0.187893718
0.025015334 0.036861323 -0.999007344 -67.205238342 -0.025982844 0.999006391 0.036210675 0.784671545 0.999349296 0.025051225 0.025948228 -0.161198258
0.053985830 0.035980009 -0.997893333 -67.720848083 -0.024456413 0.999098480 0.034700383 0.798611403 0.998242080 0.022531560 0.054817099 -0.104425192
0.088159166 0.036256194 -0.995446503 -68.228485107 -0.023348674 0.999137998 0.034322836 0.799673080 0.995832741 0.020216480 0.088929698 -0.036474705
0.125046879 0.035687629 -0.991508842 -68.687583923 -0.023061873 0.999187410 0.033055495 0.817866921 0.991882682 0.018732566 0.125768259 0.061931610
0.166999772 0.036569871 -0.985278487 -69.105140686 -0.022905126 0.999186099 0.033203762 0.802130818 0.985690773 0.017022908 0.167701498 0.124930382
0.212212399 0.037197016 -0.976515353 -69.557304382 -0.022042984 0.999203265 0.033270955 0.812272787 0.976974905 0.014464803 0.212863237 0.248376846
0.260957628 0.035949860 -0.964680612 -69.988021851 -0.018842481 0.999305665 0.032143094 0.814059019 0.965166390 0.009788989 0.261453778 0.393220901
0.309855014 0.030649884 -0.950289726 -70.385238647 -0.010787258 0.999529302 0.028720688 0.814528823 0.950722635 0.001351773 0.310039759 0.583663940
0.361542881 0.025221124 -0.932014287 -70.791007996 -0.005758148 0.999675393 0.024818420 0.821938634 0.932337761 -0.003606248 0.361570776 0.775075912
0.413282126 0.021188434 -0.910356522 -71.154266357 -0.000912473 0.999738276 0.022854554 0.815827310 0.910602570 -0.008614704 0.413193345 0.991783142
0.464989215 0.020582952 -0.885077059 -71.514068604 -0.000818465 0.999739408 0.022819493 0.819292843 0.885315955 -0.009886415 0.464884877 1.206573486
0.513484716 0.019251408 -0.857882798 -71.883293152 0.000366794 0.999743342 0.022654388 0.828870416 0.858098626 -0.011947349 0.513345897 1.462182999
0.558697283 0.014935958 -0.829237163 -72.233604431 0.008229525 0.999688864 0.023550704 0.832744718 0.829330862 -0.019981943 0.558400452 1.746131897
0.602234483 0.008078786 -0.798278391 -72.558746338 0.019165941 0.999514341 0.024574446 0.835418999 0.798089206 -0.030099332 0.601787090 2.059364319
0.644435644 0.003544892 -0.764650345 -72.869506836 0.020083971 0.999565780 0.021560414 0.835485697 0.764394760 -0.029251516 0.644084573 2.373950958
0.686199784 -0.000249972 -0.727413058 -73.155960083 0.016426964 0.999750257 0.015152697 0.827223241 0.727227628 -0.022346966 0.686032593 2.669685364
0.726763427 -0.007334650 -0.686848640 -73.436645508 0.013432561 0.999903619 0.003535498 0.832874715 0.686756492 -0.011795609 0.726791918 3.009090424
0.765819907 -0.009674558 -0.642982483 -73.706756592 0.008620435 0.999951482 -0.004778341 0.834465027 0.642997384 -0.001883438 0.765866160 3.379451752
0.802756786 -0.010658333 -0.596211374 -73.976867676 0.007165687 0.999940515 -0.008227609 0.835688353 0.596263647 0.002332505 0.802785397 3.784893036
0.836872399 -0.010997399 -0.547287524 -74.219787598 0.006981416 0.999931335 -0.009417514 0.822025836 0.547353446 0.004060416 0.836891651 4.201644897
0.867274642 -0.009853824 -0.497732460 -74.440063477 0.004425286 0.999917209 -0.012084943 0.819057226 0.497810334 0.008278356 0.867246389 4.650386810
0.893078804 -0.008387637 -0.449822247 -74.650329590 0.004033352 0.999935269 -0.010637520 0.804182291 0.449882448 0.007685851 0.893054724 5.127439499
0.913963914 -0.002564179 -0.405787498 -74.839012146 -0.001450969 0.999953091 -0.009586772 0.793299556 0.405793011 0.009350749 0.913917124 5.622777939
0.931500733 0.002755906 -0.363729000 -75.037506104 -0.007349418 0.999909759 -0.011245544 0.783021927 0.363665164 0.013148428 0.931436956 6.130868912
0.944850028 0.007725091 -0.327412099 -75.206604004 -0.011645024 0.999882042 -0.010013745 0.777322173 0.327296078 0.013274209 0.944828629 6.666952133
0.954851627 0.008525459 -0.296960652 -75.370742798 -0.011477857 0.999900520 -0.008199878 0.763740718 0.296861172 0.011238138 0.954854608 7.227291107
0.962025344 0.007803448 -0.272848666 -75.513374329 -0.010008199 0.999927461 -0.006689638 0.751980603 0.272776663 0.009166325 0.962033689 7.803724289
0.967918754 0.008400798 -0.251122952 -75.684501648 -0.009932918 0.999938965 -0.004834169 0.744738638 0.251067013 0.007173466 0.967943132 8.417863846
0.972426236 0.010511030 -0.232973561 -75.824279785 -0.011387937 0.999932230 -0.002419211 0.738380849 0.232932329 0.005005592 0.972480059 9.032899857
0.975954235 0.015716244 -0.217408195 -75.967552185 -0.016292596 0.999866962 -0.000858643 0.729555428 0.217365757 0.004380141 0.976080358 9.664793968
0.978737950 0.019143607 -0.204219341 -76.100547791 -0.019448578 0.999810755 0.000513775 0.720332623 0.204190537 0.003468925 0.978925049 10.308479309
0.981464922 0.017372958 -0.190852910 -76.224906921 -0.017697956 0.999843419 0.000001639 0.716633737 0.190823078 0.003376098 0.981618583 10.965797424
0.984063625 0.017903717 -0.176913604 -76.365608215 -0.018232903 0.999833703 -0.000235114 0.705884933 0.176879987 0.003457016 0.984226346 11.675527573
0.986521125 0.018399324 -0.162596375 -76.472946167 -0.018600298 0.999826908 0.000286311 0.701301277 0.162573501 0.002741890 0.986692607 12.374782562
0.988739550 0.019849027 -0.148324504 -76.583480835 -0.019987479 0.999800086 0.000557213 0.697068453 0.148305893 0.002413693 0.988938570 13.088257790
0.990613580 0.020644363 -0.135124639 -76.687561035 -0.021107314 0.999775350 -0.001994203 0.679553986 0.135053098 0.004827603 0.990826547 13.806324959
0.992003441 0.020889549 -0.124469504 -76.773193359 -0.021952678 0.999733269 -0.007175715 0.665318668 0.124286383 0.009850774 0.992197514 14.545830727
0.993135631 0.020150378 -0.115220815 -76.853027344 -0.021850014 0.999670029 -0.013507105 0.651697874 0.114910632 0.015931962 0.993248045 15.299515724
0.994060695 0.019863285 -0.106999055 -76.933265686 -0.021455279 0.999675274 -0.013747921 0.642128110 0.106691234 0.015961962 0.994164050 16.059173584
0.994711637 0.021674110 -0.100394368 -77.011421204 -0.022539161 0.999717891 -0.007490215 0.623751700 0.100203693 0.009713408 0.994919538 16.826061249
0.995140791 0.026292572 -0.094887048 -77.102050781 -0.026344458 0.999652743 0.000706029 0.605518699 0.094872646 0.001797150 0.995487750 17.609523773
0.995531261 0.026622342 -0.090601981 -77.179595947 -0.026313229 0.999643147 0.004604716 0.595464945 0.090692230 -0.002200108 0.995876491 18.386713028
0.995811164 0.025526432 -0.087798484 -77.236740112 -0.025284378 0.999672830 0.003868105 0.576491416 0.087868489 -0.001631971 0.996130705 19.150346756
0.996122420 0.026876515 -0.083771169 -77.326652527 -0.026756022 0.999638796 0.002560830 0.559301555 0.083809718 -0.000309517 0.996481657 19.928379059
0.996422827 0.025655689 -0.080517769 -77.392593384 -0.025341129 0.999666691 0.004926316 0.548472404 0.080617316 -0.002868284 0.996740937 20.700376511
0.996632814 0.023695806 -0.078494355 -77.450828552 -0.023167690 0.999702394 0.007632082 0.534013450 0.078651845 -0.005787851 0.996885359 21.476327896
0.996893167 0.021076243 -0.075893186 -77.501052856 -0.020403262 0.999745309 0.009632057 0.521576643 0.076076880 -0.008053664 0.997069418 22.240699768
0.997125387 0.020374289 -0.072978146 -77.568656921 -0.020015849 0.999783695 0.005639678 0.517011940 0.073077276 -0.004162746 0.997317553 23.005725861
0.997205138 0.023260148 -0.070999406 -77.631942749 -0.023446040 0.999723494 -0.001785862 0.507550716 0.070938230 0.003445525 0.997474790 23.771467209
0.997323334 0.023872999 -0.069110945 -77.692550659 -0.024593776 0.999651432 -0.009597093 0.495876014 0.068857729 0.011271104 0.997562826 24.524906158
0.997375488 0.024454925 -0.068148226 -77.742248535 -0.025436323 0.999584258 -0.013570396 0.479326218 0.067788035 0.015268221 0.997582972 25.277549744
0.997467577 0.025939064 -0.066225648 -77.798461914 -0.026802549 0.999566436 -0.012183308 0.458682388 0.065880924 0.013927470 0.997730374 26.047677994
0.997545898 0.029900752 -0.063308865 -77.867103577 -0.030447582 0.999506772 -0.007690259 0.430448174 0.063047677 0.009598988 0.997964382 26.800352097
0.997604728 0.033103213 -0.060736008 -77.926780701 -0.033315316 0.999441862 -0.002482607 0.411457658 0.060619913 0.004500099 0.998150885 27.562742233
0.997860610 0.031026406 -0.057546109 -77.980255127 -0.031135622 0.999514699 -0.001002038 0.398723066 0.057487078 0.002791629 0.998342335 28.321041107
0.997990012 0.028338263 -0.056680687 -78.022071838 -0.028424388 0.999595702 -0.000713638 0.379022121 0.056637540 0.002323317 0.998392165 29.078992844
0.998086095 0.025714958 -0.056238361 -78.056732178 -0.025811058 0.999666333 -0.000983088 0.365672529 0.056194305 0.002432779 0.998416841 29.816911697
0.998176455 0.025543952 -0.054693133 -78.106689453 -0.025740581 0.999664485 -0.002893622 0.353992462 0.054600872 0.004296179 0.998498976 30.571525574
0.998243749 0.023313439 -0.054459214 -78.143424988 -0.023571949 0.999713659 -0.004109299 0.340987474 0.054347817 0.005385792 0.998507380 31.322589874
0.998305619 0.022475572 -0.053671736 -78.188026428 -0.022721035 0.999733925 -0.003967541 0.326271534 0.053568285 0.005180296 0.998550713 32.080299377
0.998273253 0.025951307 -0.052698068 -78.244888306 -0.026127864 0.999655008 -0.002664073 0.307991177 0.052610766 0.004036361 0.998606920 32.849601746
0.998285413 0.025531799 -0.052673116 -78.290367126 -0.025759259 0.999661505 -0.003643910 0.294769585 0.052562259 0.004994483 0.998605132 33.621986389
0.998220146 0.025169479 -0.054066293 -78.336296082 -0.025403161 0.999670625 -0.003639108 0.280117214 0.053956892 0.005006085 0.998530686 34.397556305
0.998174369 0.022775535 -0.055939734 -78.389228821 -0.022986140 0.999730885 -0.003124156 0.265708745 0.055853527 0.004404290 0.998429298 35.186695099
0.997961462 0.023846107 -0.059196591 -78.446319580 -0.024082683 0.999704480 -0.003286125 0.250837177 0.059100740 0.004705038 0.998240948 35.977882385
0.997697234 0.027972862 -0.061786808 -78.508506775 -0.028236795 0.999595523 -0.003402481 0.233741134 0.061666641 0.005139307 0.998083591 36.769664764
0.997534096 0.028028203 -0.064343475 -78.575584412 -0.028613234 0.999557018 -0.008188679 0.217304081 0.064085461 0.010009562 0.997894228 37.571796417
0.997362792 0.029222267 -0.066433050 -78.644645691 -0.030092709 0.999473274 -0.012139637 0.209477007 0.066043302 0.014106773 0.997717083 38.350852966
0.997233689 0.028567048 -0.068622440 -78.699607849 -0.029557349 0.999472439 -0.013459083 0.187967837 0.068201765 0.015450146 0.997551918 39.164554596
0.997095942 0.029137056 -0.070359908 -78.770263672 -0.030054059 0.999476075 -0.012009539 0.168636560 0.069973134 0.014089264 0.997449398 39.989036560
0.996913791 0.027371937 -0.073577836 -78.818161011 -0.028282918 0.999535322 -0.011367708 0.146831274 0.073232502 0.013413621 0.997224748 40.818435669
0.996816695 0.026918946 -0.075044744 -78.888999939 -0.027723497 0.999568522 -0.009699699 0.129413009 0.074751273 0.011749323 0.997133017 41.651550293
0.996743262 0.026030127 -0.076323271 -78.948120117 -0.026560342 0.999629557 -0.005939934 0.110911340 0.076140381 0.007947762 0.997065485 42.475376129
0.996705115 0.026821125 -0.076547369 -79.034416199 -0.026976295 0.999635577 -0.000993658 0.089868829 0.076492831 0.003055348 0.997065485 43.353233337
0.996790528 0.026516637 -0.075534649 -79.105926514 -0.026490266 0.999648213 0.001351212 0.073368996 0.075543895 0.000654058 0.997142255 44.205017090
0.996851742 0.029768188 -0.073487617 -79.176673889 -0.029757312 0.999556422 0.001243107 0.061088867 0.073492020 0.000947600 0.997295380 45.060058594
0.996982217 0.029441286 -0.071830571 -79.241081238 -0.029514207 0.999564350 0.000046161 0.050560422 0.071800634 0.002074001 0.997416854 45.920127869
0.997152627 0.027220098 -0.070325702 -79.301231384 -0.027439257 0.999621153 -0.002152013 0.036663711 0.070240483 0.004075571 0.997521758 46.779724121
0.997338712 0.023108795 -0.069148049 -79.352081299 -0.023442546 0.999717057 -0.004018932 0.022463098 0.069035605 0.005629242 0.997598290 47.653442383
0.997520268 0.022127891 -0.066809632 -79.422607422 -0.022456016 0.999739170 -0.004164300 0.008239999 0.066700056 0.005654253 0.997757018 48.533432007
0.997629702 0.019685084 -0.065934598 -79.480850220 -0.019816145 0.999802768 -0.001334346 -0.010458030 0.065895312 0.002637752 0.997823000 49.409290314
0.997767091 0.017230418 -0.064529337 -79.545104980 -0.017216841 0.999851465 0.000766519 -0.020780087 0.064532936 0.000346184 0.997915566 50.284484863
0.997794926 0.016575264 -0.064270295 -79.598922729 -0.016534919 0.999862552 0.001159635 -0.040148482 0.064280689 -0.000094374 0.997931838 51.163402557
0.997849464 0.019122124 -0.062695295 -79.661376953 -0.019301604 0.999811113 -0.002258269 -0.055625424 0.062640280 0.003463532 0.998030126 52.037834167
0.997864246 0.021466043 -0.061692022 -79.728279114 -0.021972248 0.999730170 -0.007538658 -0.080447525 0.061513551 0.008878070 0.998066664 52.894309998
0.997880638 0.023384722 -0.060724340 -79.788078308 -0.024227761 0.999619544 -0.013184042 -0.098773122 0.060392950 0.014627315 0.998067439 53.755680084
0.997795343 0.028360624 -0.060000729 -79.850982666 -0.029549837 0.999382317 -0.019026265 -0.123286486 0.059424069 0.020757329 0.998016953 54.605339050
0.997859538 0.028054550 -0.059069395 -79.906364441 -0.029274825 0.999373436 -0.019895215 -0.151449323 0.058474239 0.021581875 0.998055518 55.461528778
0.997944236 0.025272459 -0.058894202 -79.957153320 -0.026145987 0.999558568 -0.014108910 -0.174973786 0.058511645 0.015619753 0.998164475 56.315822601
0.997905135 0.025094789 -0.059627574 -80.022773743 -0.025454197 0.999662042 -0.005275563 -0.200605333 0.059475031 0.006782284 0.998206735 57.183959961
0.997874022 0.023638854 -0.060733579 -80.077560425 -0.023510575 0.999719560 0.002826077 -0.224984050 0.060783360 -0.001392189 0.998149991 58.036739349
0.997797847 0.021863958 -0.062620789 -80.138603210 -0.021868508 0.999760687 0.000612816 -0.240705073 0.062619202 0.000757956 0.998037219 58.874675751
0.997778296 0.017244130 -0.064351745 -80.201080322 -0.017448444 0.999844313 -0.002614252 -0.259126723 0.064296648 0.003731281 0.997923851 59.717716217
0.997661471 0.015768865 -0.066503942 -80.265464783 -0.016093211 0.999861002 -0.004344149 -0.279623508 0.066426188 0.005404252 0.997776747 60.551742554
0.997406662 0.017454900 -0.069824025 -80.326690674 -0.017954243 0.999817491 -0.006530223 -0.297400147 0.069697291 0.007766927 0.997537971 61.357822418
0.997138560 0.018908951 -0.073193073 -80.393814087 -0.019702028 0.999754667 -0.010128511 -0.315953493 0.072983600 0.011541581 0.997266412 62.178527832
0.996818602 0.019676004 -0.077237517 -80.462188721 -0.020783795 0.999692023 -0.013565077 -0.337504387 0.076946795 0.015127208 0.996920466 62.993034363
0.996555448 0.021812698 -0.080010496 -80.540695190 -0.023256660 0.999582171 -0.017159726 -0.366592884 0.079602778 0.018961396 0.996646225 63.806159973
0.996196449 0.026724409 -0.082936019 -80.631629944 -0.028227037 0.999456942 -0.016998351 -0.393789411 0.082436703 0.019274734 0.996409893 64.604370117
0.995801091 0.030326204 -0.086374678 -80.712738037 -0.031753547 0.999380052 -0.015198980 -0.416210890 0.085860208 0.017877860 0.996146739 65.409057617
0.995368421 0.033132944 -0.090244256 -80.796478271 -0.034101479 0.999375820 -0.009211354 -0.440321863 0.089882739 0.012246151 0.995876968 66.208160400
0.994970441 0.033521779 -0.094393946 -80.876953125 -0.034012899 0.999414802 -0.003598317 -0.462844044 0.094218090 0.006790831 0.995528460 67.025756836
0.994509518 0.033147708 -0.099257953 -80.962982178 -0.033302564 0.999445260 0.000096707 -0.480446190 0.099206097 0.003209368 0.995061815 67.822181702
0.993863940 0.032526311 -0.105719425 -81.054481506 -0.032584000 0.999468267 0.001181911 -0.494931817 0.105701655 0.002270103 0.994395316 68.615554810
0.993287206 0.029844245 -0.111757331 -81.138992310 -0.029463280 0.999552965 0.005059186 -0.506881356 0.111858360 -0.001732488 0.993722677 69.404106140
0.992529690 0.030540179 -0.118118167 -81.240600586 -0.030203020 0.999532938 0.004643837 -0.518841445 0.118204840 -0.001041622 0.992988706 70.183364868
0.991706192 0.035245124 -0.123598360 -81.361030579 -0.034987319 0.999378622 0.004256429 -0.533972263 0.123671591 0.000103248 0.992323279 70.954315186
0.990841925 0.036505584 -0.129998133 -81.468246460 -0.036771476 0.999323547 0.000355128 -0.544550240 0.129923165 0.004428348 0.991514206 71.724418640
0.990056038 0.035748079 -0.136055633 -81.576637268 -0.036406271 0.999334335 -0.002351680 -0.552371979 0.135880977 0.007281571 0.990698457 72.479660034
0.989248514 0.037253037 -0.141420528 -81.693786621 -0.038157623 0.999264956 -0.003689120 -0.566268086 0.141179115 0.009045728 0.989942789 73.246223450
0.988489568 0.039179482 -0.146128088 -81.815887451 -0.039402574 0.999222457 0.001368604 -0.574231744 0.146068081 0.004404970 0.989264786 74.018775940
0.987606227 0.039695282 -0.151848853 -81.946296692 -0.039289631 0.999211788 0.005672134 -0.586641550 0.151954263 0.000364250 0.988387465 74.779235840
0.986636400 0.039237358 -0.158142045 -82.072219849 -0.038422938 0.999227762 0.008205260 -0.605440259 0.158341885 -0.002019327 0.987382293 75.537178040
0.985537350 0.036888331 -0.165394798 -82.202987671 -0.036644518 0.999318123 0.004526399 -0.614258707 0.165448979 0.001599878 0.986217022 76.285072327
0.984174609 0.034605984 -0.173789293 -82.344367981 -0.035629001 0.999361277 -0.002769340 -0.620018363 0.173582450 0.008917455 0.984778941 77.035705566
0.982595563 0.032016177 -0.182977647 -82.488716125 -0.033387113 0.999432802 -0.004415923 -0.631800890 0.182732433 0.010448162 0.983107150 77.779548645
0.980570614 0.031901978 -0.193554953 -82.639122009 -0.032770503 0.999462008 -0.001286313 -0.649717152 0.193409815 0.007604213 0.981088579 78.511093140
0.978218377 0.031487823 -0.205176160 -82.796249390 -0.031201204 0.999502420 0.004632921 -0.653827190 0.205219954 0.001869735 0.978714049 79.250793457
0.975777626 0.032853879 -0.216283515 -82.974639893 -0.030849284 0.999444067 0.012638825 -0.665875912 0.216578558 -0.005660491 0.976248741 79.974578857
0.973207772 0.033465154 -0.227478564 -83.155502319 -0.030600553 0.999401808 0.016108945 -0.673656940 0.227881610 -0.008716381 0.973649859 80.700134277
0.970379889 0.036935531 -0.238743618 -83.350418091 -0.035077725 0.999312222 0.012027132 -0.684467912 0.239023626 -0.003296305 0.971008182 81.414360046
0.967296302 0.036701728 -0.250979483 -83.549247742 -0.037154119 0.999305248 0.002937229 -0.691640735 0.250912905 0.006483751 0.967987955 82.117614746
0.964044511 0.033968706 -0.263560832 -83.748252869 -0.035819571 0.999355793 -0.002218984 -0.691130519 0.263315678 0.011579838 0.964640260 82.826957703
0.960780919 0.032857779 -0.275354922 -83.960731506 -0.033301920 0.999440610 0.003063483 -0.697731853 0.275301546 0.006226514 0.961337745 83.560890198
0.957454503 0.034078542 -0.286565125 -84.186416626 -0.032434776 0.999418855 0.010482481 -0.704813838 0.286755860 -0.000741821 0.958003402 84.283737183
0.953829288 0.033925749 -0.298427343 -84.419609070 -0.030585114 0.999406338 0.015858594 -0.709147930 0.298788160 -0.005998956 0.954300523 84.993499756
0.949801326 0.031609930 -0.311252654 -84.661308289 -0.028665600 0.999490559 0.014031051 -0.711742520 0.311537623 -0.004404468 0.950223565 85.705909729
0.946203053 0.030149423 -0.322165638 -84.918121338 -0.028487178 0.999545395 0.009874000 -0.717482209 0.322316855 -0.000165221 0.946631849 86.402740479
0.943105936 0.025332624 -0.331525803 -85.166778564 -0.025734063 0.999663770 0.003179717 -0.726491392 0.331494898 0.005532696 0.943440795 87.107879639
0.940307915 0.021369899 -0.339653015 -85.422454834 -0.023707822 0.999715209 -0.002734687 -0.732868433 0.339497864 0.010623883 0.940546811 87.812950134
0.937744856 0.020842075 -0.346698940 -85.691818237 -0.024003891 0.999700308 -0.004827532 -0.740258217 0.346494406 0.012849119 0.937964022 88.515083313
0.934675753 0.026494728 -0.354512453 -85.981155396 -0.030010533 0.999539793 -0.004421806 -0.759265423 0.354232162 0.014772063 0.935040951 89.226898193
0.931689620 0.026471201 -0.362289548 -86.254455566 -0.029215639 0.999570906 -0.002097951 -0.772545040 0.362078488 0.012539159 0.932063222 89.919708252
0.928642392 0.026724620 -0.370012194 -86.541549683 -0.026972990 0.999625981 0.004503534 -0.775508404 0.369994193 0.005798163 0.929015934 90.626548767
0.925853610 0.028875347 -0.376777381 -86.829437256 -0.025873045 0.999580383 0.013027791 -0.785389543 0.376995444 -0.002313448 0.926212251 91.336502075
0.923356950 0.038986746 -0.381957918 -87.154022217 -0.034015160 0.999225855 0.019762475 -0.793128252 0.382432699 -0.005255457 0.923968315 92.038497925
0.920491576 0.045406800 -0.388115287 -87.452590942 -0.042270500 0.998967946 0.016619580 -0.790282249 0.388469458 0.001107642 0.921460927 92.723747253
0.918227315 0.041866865 -0.393834829 -87.756835938 -0.041626085 0.999091327 0.009157697 -0.790726542 0.393860340 0.007984953 0.919135630 93.410972595
0.916345000 0.034424335 -0.398907125 -88.058303833 -0.036731079 0.999323428 0.001861860 -0.796781421 0.398701340 0.012946187 0.916989446 94.101608276
0.914405525 0.034584127 -0.403319299 -88.363891602 -0.037423369 0.999299109 0.000842400 -0.796327710 0.403065771 0.014323275 0.915058970 94.800788879
0.912434459 0.041377809 -0.407125443 -88.709213257 -0.042410944 0.999079168 0.006490638 -0.808636129 0.407019138 0.011344291 0.913349211 95.497749329
0.910042703 0.043651391 -0.412209749 -89.042556763 -0.043054651 0.999014914 0.010739254 -0.815019965 0.412272543 0.007974369 0.911025584 96.215972900
0.907861769 0.039760880 -0.417380184 -89.365455627 -0.039785769 0.999170780 0.008644232 -0.823684931 0.417377800 0.008758023 0.908690870 96.914253235
0.905611098 0.038342789 -0.422372669 -89.698760986 -0.041097768 0.999151766 0.002584640 -0.834570527 0.422113538 0.015017894 0.906418622 97.602142334
0.903467357 0.035558000 -0.427179635 -90.037033081 -0.041198086 0.999143064 -0.003964594 -0.839860260 0.426672637 0.021180864 0.904158056 98.297393799
